UNVGENIN|NS6103030002440|1579504280132|3041263|20240521|01:06:51
ND6TRAN|salesinvoice|value|172|SO240578675|2024-05-16|202427071|2024-05-18|007|24033|24033|24033||TO||0.0|0.0||||0.0|0|0|0|11.0|0.0|0.0|69915850|-|24|0|173637|0|0|0.0|0.0|0|NS6103030002440|1579504280132|1579575755082|STNDRCRB||
ND6TRAN|salesinvoice|value|172|SO240578675|2024-05-16|202427071|2024-05-18|007|24033|24033|24033||TO||0.0|0.0||||0.0|0|0|0|11.0|0.0|0.0|69913995|-|60|0|170000|0|0|0.0|0.0|0|NS6103030002440|1579504280132|1579575755082|STNDRCRB||
ND6TRAN|salesinvoice|value|CRS016|SO240578911|2024-05-18|202427054|2024-05-18|003|26139|26139|26139||TO||0.0|0.0||||0.0|0|0|0|11.0|0.0|0.0|24306NEW|-|12|0|287568|0|0|0.0|0.0|0|NS6103030002440|1579504280132|1579575755082|STNDRCRB||
ND6TRAN|salesinvoice|value|CRS016|SO240578911|2024-05-18|202427054|2024-05-18|003|26139|26139|26139||TO||0.0|0.0||||0.0|0|0|0|11.0|0.0|0.0|54010|-|1|0|76368|0|0|0.0|0.0|0|NS6103030002440|1579504280132|1579575755082|STNDRCRB||
ND6TRAN|salesinvoice|value|226|SO240578895|2024-05-18|202427019|2024-05-18|007|21208|21208|21208||TO||0.0|0.0||||0.0|0|0|0|11.0|0.0|0.0|41563|-|3|0|166400|0|187|0.0|0.0|0|NS6103030002440|1579504280132|1579575755082|STNDRCRB||
ND6TRAN|salesinvoice|value|226|SO240578895|2024-05-18|202427019|2024-05-18|007|21208|21208|21208||TO||0.0|0.0||||0.0|0|0|0|11.0|0.0|0.0|41094|-|1|0|162162|0|135|0.0|0.0|0|NS6103030002440|1579504280132|1579575755082|STNDRCRB||
ND6TRAN|salesinvoice|value|226|SO240578895|2024-05-18|202427019|2024-05-18|007|21208|21208|21208||TO||0.0|0.0||||0.0|0|0|0|11.0|0.0|0.0|21404|-|5|0|423264|0|661|0.0|0.0|0|NS6103030002440|1579504280132|1579575755082|STNDRCRB||
ND6TRAN|salesinvoice|value|226|SO240578895|2024-05-18|202427019|2024-05-18|007|21208|21208|21208||TO||0.0|0.0||||0.0|0|0|0|11.0|0.0|0.0|41100|-|1|0|126000|0|105|0.0|0.0|0|NS6103030002440|1579504280132|1579575755082|STNDRCRB||
ND6TRAN|salesinvoice|value|226|SO240578895|2024-05-18|202427019|2024-05-18|007|21208|21208|21208||TO||0.0|0.0||||0.0|0|0|0|11.0|0.0|0.0|54010|-|2|0|76368|0|0|0.0|0.0|0|NS6103030002440|1579504280132|1579575755082|STNDRCRB||
ND6TRAN|salesinvoice|value|226|SO240578895|2024-05-18|202427019|2024-05-18|007|21208|21208|21208||TO||0.0|0.0||||0.0|0|0|0|11.0|0.0|0.0|24375|-|5|0|309000|0|386|0.0|0.0|0|NS6103030002440|1579504280132|1579575755082|STNDRCRB||
ND6TRAN|salesinvoice|value|226|SO240578895|2024-05-18|202427019|2024-05-18|007|21208|21208|21208||TO||0.0|0.0||||0.0|0|0|0|11.0|0.0|0.0|24306NEW|-|10|0|287568|0|0|0.0|0.0|0|NS6103030002440|1579504280132|1579575755082|STNDRCRB||
ND6TRAN|salesinvoice|value|226|SO240578895|2024-05-18|202427019|2024-05-18|007|21208|21208|21208||TO||0.0|0.0||||0.0|0|0|0|11.0|0.0|0.0|31229|-|10|0|134400|0|252|0.0|0.0|0|NS6103030002440|1579504280132|1579575755082|STNDRCRB||
ND6TRAN|salesinvoice|value|226|SO240578895|2024-05-18|202427019|2024-05-18|007|21208|21208|21208||TO||0.0|0.0||||0.0|0|0|0|11.0|0.0|0.0|24398|-|5|0|274932|0|572|0.0|0.0|0|NS6103030002440|1579504280132|1579575755082|STNDRCRB||
ND6TRAN|salesinvoice|value|226|SO240578895|2024-05-18|202427019|2024-05-18|007|21208|21208|21208||TO||0.0|0.0||||0.0|0|0|0|11.0|0.0|0.0|84041|-|2|0|81080|0|0|0.0|0.0|0|NS6103030002440|1579504280132|1579575755082|STNDRCRB||
ND6TRAN|salesinvoice|value|196|SO240578888|2024-05-18|202427163|2024-05-18|003|26159|26159|26159||TO||0.0|0.0||||0.0|0|0|0|11.0|0.0|0.0|22012|-|8|0|405420|0|0|0.0|0.0|0|NS6103030002440|1579504280132|1579575755082|STNDRCRB||
ND6TRAN|salesinvoice|value|CRS024|SO240578854|2024-05-17|202426984|2024-05-18|002|14454|14454|14454||TO||0.0|0.0||||0.0|0|0|0|11.0|0.0|0.0|14343|-|1400|0|333000|0|0|0.0|0.0|0|NS6103030002440|1579504280132|1579575755082|STNDRCRB||
ND6TRAN|salesinvoice|value|CRS018|SO240578936|2024-05-18|202426962|2024-05-18|007|18407|18407|18407||TO||0.0|0.0||||0.0|0|0|0|11.0|0.0|0.0|22012|-|120|0|405405|16216|0|0.0|0.0|7945|NS6103030002440|1579504280132|1579575755082|STNDRCRB||
ND6TRAN|salesinvoice|value|CRS018|SO240578936|2024-05-18|202426962|2024-05-18|007|18407|18407|18407||TO||0.0|0.0||||0.0|0|0|0|11.0|0.0|0.0|24398|-|72|0|274910|10886|5498|0.0|0.0|5334|NS6103030002440|1579504280132|1579575755082|STNDRCRB||
ND6TRAN|salesinvoice|value|CRS018|SO240578936|2024-05-18|202426962|2024-05-18|007|18407|18407|18407||TO||0.0|0.0||||0.0|0|0|0|11.0|0.0|0.0|21404|-|144|0|423273|25396|0|0.0|0.0|12444|NS6103030002440|1579504280132|1579575755082|STNDRCRB||
ND6TRAN|salesinvoice|value|226|SO240578899|2024-05-18|202427018|2024-05-18|007|10364|10364|10364||TO||0.0|0.0||||0.0|0|0|0|11.0|0.0|0.0|21404|-|5|0|423264|0|0|0.0|0.0|0|NS6103030002440|1579504280132|1579575755082|STNDRCRB||
ND6TRAN|salesinvoice|value|226|SO240578899|2024-05-18|202427018|2024-05-18|007|10364|10364|10364||TO||0.0|0.0||||0.0|0|0|0|11.0|0.0|0.0|24306NEW|-|12|0|287568|0|0|0.0|0.0|0|NS6103030002440|1579504280132|1579575755082|STNDRCRB||
ND6TRAN|salesinvoice|value|226|SO240578899|2024-05-18|202427018|2024-05-18|007|10364|10364|10364||TO||0.0|0.0||||0.0|0|0|0|11.0|0.0|0.0|54010|-|3|0|76368|0|0|0.0|0.0|0|NS6103030002440|1579504280132|1579575755082|STNDRCRB||
ND6TRAN|salesinvoice|value|172|SO240578875|2024-05-18|202427036|2024-05-18|003|25439|25439|25439||TO||0.0|0.0||||0.0|0|0|0|11.0|0.0|0.0|69913995|-|30|0|169999.8|0|0|0.0|0.0|0|NS6103030002440|1579504280132|1579575755082|STNDRCRB||
ND6TRAN|salesinvoice|value|CRS018|SO240578877|2024-05-18|202427069|2024-05-18|007|16190|16190|16190||TO||0.0|0.0||||0.0|0|0|0|11.0|0.0|0.0|24306NEW|-|960|0|287568|57513|0|0.0|0.0|0|NS6103030002440|1579504280132|1579575755082|STNDRCRB||
ND6TRAN|salesinvoice|value|196|SO240578879|2024-05-18|202427129|2024-05-18|007|13204|13204|13204||TO||0.0|0.0||||0.0|0|0|0|11.0|0.0|0.0|24306NEW|-|30|0|287568|0|0|0.0|0.0|0|NS6103030002440|1579504280132|1579575755082|STNDRCRB||
ND6TRAN|salesinvoice|value|226|SO240578904|2024-05-18|202427017|2024-05-18|007|12249|12249|12249||TO||0.0|0.0||||0.0|0|0|0|11.0|0.0|0.0|31229|-|12|0|134400|0|0|0.0|0.0|0|NS6103030002440|1579504280132|1579575755082|STNDRCRB||
ND6TRAN|salesinvoice|value|226|SO240578904|2024-05-18|202427017|2024-05-18|007|12249|12249|12249||TO||0.0|0.0||||0.0|0|0|0|11.0|0.0|0.0|84041|-|10|0|81081|0|0|0.0|0.0|0|NS6103030002440|1579504280132|1579575755082|STNDRCRB||
ND6TRAN|salesinvoice|value|CRS024|SO240578932|2024-05-18|202427022|2024-05-18|002|11744|11744|11744||TO||0.0|0.0||||0.0|0|0|0|11.0|0.0|0.0|14343|-|3000|0|333000|0|0|0.0|0.0|0|NS6103030002440|1579504280132|1579575755082|STNDRCRB||
ND6TRAN|salesinvoice|value|196|SO240578853|2024-05-17|202427173|2024-05-18|007|15349|15349|15349||TO||0.0|0.0||||0.0|0|0|0|11.0|0.0|0.0|22012|-|4|0|405420|0|0|0.0|0.0|0|NS6103030002440|1579504280132|1579575755082|STNDRCRB||
ND6TRAN|salesinvoice|value|196|SO240578853|2024-05-17|202427173|2024-05-18|007|15349|15349|15349||TO||0.0|0.0||||0.0|0|0|0|11.0|0.0|0.0|84041|-|3|0|81080|0|0|0.0|0.0|0|NS6103030002440|1579504280132|1579575755082|STNDRCRB||
ND6TRAN|salesinvoice|value|196|SO240578853|2024-05-17|202427173|2024-05-18|007|15349|15349|15349||TO||0.0|0.0||||0.0|0|0|0|11.0|0.0|0.0|84034|-|7|0|225225.2|0|0|0.0|0.0|0|NS6103030002440|1579504280132|1579575755082|STNDRCRB||
ND6TRAN|salesinvoice|value|196|SO240578853|2024-05-17|202427173|2024-05-18|007|15349|15349|15349||TO||0.0|0.0||||0.0|0|0|0|11.0|0.0|0.0|24306NEW|-|5|0|287568|0|0|0.0|0.0|0|NS6103030002440|1579504280132|1579575755082|STNDRCRB||
ND6TRAN|salesinvoice|value|196|SO240578853|2024-05-17|202427173|2024-05-18|007|15349|15349|15349||TO||0.0|0.0||||0.0|0|0|0|11.0|0.0|0.0|54010|-|3|0|76368|0|0|0.0|0.0|0|NS6103030002440|1579504280132|1579575755082|STNDRCRB||
ND6TRAN|salesinvoice|value|226|SO240578909|2024-05-18|202427023|2024-05-18|007|23114|23114|23114||TO||0.0|0.0||||0.0|0|0|0|11.0|0.0|0.0|24016|-|96|0|216216|4324|0|0.0|0.0|0|NS6103030002440|1579504280132|1579575755082|STNDRCRB||
ND6TRAN|salesinvoice|value|226|SO240578909|2024-05-18|202427023|2024-05-18|007|23114|23114|23114||TO||0.0|0.0||||0.0|0|0|0|11.0|0.0|0.0|21404|-|48|0|423273|4232|0|0.0|0.0|0|NS6103030002440|1579504280132|1579575755082|STNDRCRB||
ND6TRAN|salesinvoice|value|226|SO240578909|2024-05-18|202427023|2024-05-18|007|23114|23114|23114||TO||0.0|0.0||||0.0|0|0|0|11.0|0.0|0.0|24306NEW|-|192|0|287568|11502|0|0.0|0.0|0|NS6103030002440|1579504280132|1579575755082|STNDRCRB||
ND6TRAN|salesinvoice|value|226|SO240578909|2024-05-18|202427023|2024-05-18|007|23114|23114|23114||TO||0.0|0.0||||0.0|0|0|0|11.0|0.0|0.0|24375|-|60|0|309000|3090|0|0.0|0.0|0|NS6103030002440|1579504280132|1579575755082|STNDRCRB||
ND6TRAN|salesinvoice|value|226|SO240578909|2024-05-18|202427023|2024-05-18|007|23114|23114|23114||TO||0.0|0.0||||0.0|0|0|0|11.0|0.0|0.0|41563|-|6|0|166400|249|0|0.0|0.0|0|NS6103030002440|1579504280132|1579575755082|STNDRCRB||
ND6TRAN|salesinvoice|value|CRS002|SO240578930|2024-05-18|202427008|2024-05-18|002|12510|12510|12510||TO||0.0|0.0||||0.0|0|0|0|11.0|0.0|0.0|14343|-|2000|0|333000|0|0|0.0|0.0|0|NS6103030002440|1579504280132|1579575755082|STNDRCRB||
ND6TRAN|salesinvoice|value|CRS086|SO240578923|2024-05-18|202427087|2024-05-18|007|17287|17287|17287||TO||0.0|0.0||||0.0|0|0|0|11.0|0.0|0.0|54010|-|6|0|76364|0|0|0.0|0.0|0|NS6103030002440|1579504280132|1579575755082|STNDRCRB||
ND6TRAN|salesinvoice|value|CRS016|SO240578916|2024-05-18|202427037|2024-05-18|007|24753|24753|24753||TO||0.0|0.0||||0.0|0|0|0|11.0|0.0|0.0|24306NEW|-|12|0|287568|0|0|0.0|0.0|0|NS6103030002440|1579504280132|1579575755082|STNDRCRB||
ND6TRAN|salesinvoice|value|CRS016|SO240578916|2024-05-18|202427037|2024-05-18|007|24753|24753|24753||TO||0.0|0.0||||0.0|0|0|0|11.0|0.0|0.0|41563|-|1|0|166400|0|0|0.0|0.0|0|NS6103030002440|1579504280132|1579575755082|STNDRCRB||
ND6TRAN|salesinvoice|value|CRS016|SO240578916|2024-05-18|202427037|2024-05-18|007|24753|24753|24753||TO||0.0|0.0||||0.0|0|0|0|11.0|0.0|0.0|31229|-|1|0|134400|0|0|0.0|0.0|0|NS6103030002440|1579504280132|1579575755082|STNDRCRB||
ND6TRAN|salesinvoice|value|CRS086|SO240578928|2024-05-18|202427109|2024-05-18|007|10512|10512|10512||TO||0.0|0.0||||0.0|0|0|0|11.0|0.0|0.0|14038|-|60|0|326160|0|0|0.0|0.0|0|NS6103030002440|1579504280132|1579575755082|STNDRCRB||
ND6TRAN|salesinvoice|value|196|SO240578881|2024-05-18|202427156|2024-05-18|007|10690|10690|10690||TO||0.0|0.0||||0.0|0|0|0|11.0|0.0|0.0|31229|-|80|0|134400|0|0|0.0|0.0|0|NS6103030002440|1579504280132|1579575755082|STNDRCRB||
ND6TRAN|salesinvoice|value|196|SO240578885|2024-05-18|202427135|2024-05-18|007|12729|12729|12729||TO||0.0|0.0||||0.0|0|0|0|11.0|0.0|0.0|21404|-|1|0|423264|0|0|0.0|0.0|0|NS6103030002440|1579504280132|1579575755082|STNDRCRB||
ND6TRAN|salesinvoice|value|196|SO240578885|2024-05-18|202427135|2024-05-18|007|12729|12729|12729||TO||0.0|0.0||||0.0|0|0|0|11.0|0.0|0.0|24306NEW|-|48|0|287568|1437|0|0.0|0.0|0|NS6103030002440|1579504280132|1579575755082|STNDRCRB||
ND6TRAN|salesinvoice|value|196|SO240578885|2024-05-18|202427135|2024-05-18|007|12729|12729|12729||TO||0.0|0.0||||0.0|0|0|0|11.0|0.0|0.0|41563|-|12|0|166400|0|0|0.0|0.0|0|NS6103030002440|1579504280132|1579575755082|STNDRCRB||
ND6TRAN|salesinvoice|value|196|SO240578882|2024-05-18|202427155|2024-05-18|007|12382|12382|12382||TO||0.0|0.0||||0.0|0|0|0|11.0|0.0|0.0|21404|-|24|0|423264|0|0|0.0|0.0|0|NS6103030002440|1579504280132|1579575755082|STNDRCRB||
ND6TRAN|salesinvoice|value|196|SO240578884|2024-05-18|202427141|2024-05-18|007|26170|26170|26170||TO||0.0|0.0||||0.0|0|0|0|11.0|0.0|0.0|22012|-|4|0|405420|0|0|0.0|0.0|0|NS6103030002440|1579504280132|1579575755082|STNDRCRB||
ND6TRAN|salesinvoice|value|196|SO240578884|2024-05-18|202427141|2024-05-18|007|26170|26170|26170||TO||0.0|0.0||||0.0|0|0|0|11.0|0.0|0.0|54010|-|1|0|76368|0|0|0.0|0.0|0|NS6103030002440|1579504280132|1579575755082|STNDRCRB||
ND6TRAN|salesinvoice|value|196|SO240578884|2024-05-18|202427141|2024-05-18|007|26170|26170|26170||TO||0.0|0.0||||0.0|0|0|0|11.0|0.0|0.0|84034|-|2|0|225225.2|0|0|0.0|0.0|0|NS6103030002440|1579504280132|1579575755082|STNDRCRB||
ND6TRAN|salesinvoice|value|196|SO240578884|2024-05-18|202427141|2024-05-18|007|26170|26170|26170||TO||0.0|0.0||||0.0|0|0|0|11.0|0.0|0.0|31229|-|10|0|134400|0|0|0.0|0.0|0|NS6103030002440|1579504280132|1579575755082|STNDRCRB||
ND6TRAN|salesinvoice|value|196|SO240578884|2024-05-18|202427141|2024-05-18|007|26170|26170|26170||TO||0.0|0.0||||0.0|0|0|0|11.0|0.0|0.0|24306NEW|-|8|0|287568|0|0|0.0|0.0|0|NS6103030002440|1579504280132|1579575755082|STNDRCRB||
ND6TRAN|salesinvoice|value|196|SO240578884|2024-05-18|202427141|2024-05-18|007|26170|26170|26170||TO||0.0|0.0||||0.0|0|0|0|11.0|0.0|0.0|41563|-|10|0|166400|0|0|0.0|0.0|0|NS6103030002440|1579504280132|1579575755082|STNDRCRB||
ND6TRAN|salesinvoice|value|226|SO240578907|2024-05-18|202427014|2024-05-18|007|23831|23831|23831||TO||0.0|0.0||||0.0|0|0|0|11.0|0.0|0.0|21404|-|12|0|423264|0|0|0.0|0.0|0|NS6103030002440|1579504280132|1579575755082|STNDRCRB||
ND6TRAN|salesinvoice|value|196|SO240578890|2024-05-18|202427124|2024-05-18|007|10574|10574|10574||TO||0.0|0.0||||0.0|0|0|0|11.0|0.0|0.0|24306NEW|-|48|0|287568|1437|0|0.0|0.0|0|NS6103030002440|1579504280132|1579575755082|STNDRCRB||
ND6TRAN|salesinvoice|value|196|SO240578878|2024-05-18|202427130|2024-05-18|007|10616|10616|10616||TO||0.0|0.0||||0.0|0|0|0|11.0|0.0|0.0|24306NEW|-|48|0|287568|1437|0|0.0|0.0|0|NS6103030002440|1579504280132|1579575755082|STNDRCRB||
ND6TRAN|salesinvoice|value|226|SO240578905|2024-05-18|202427032|2024-05-18|007|21209|21209|21209||TO||0.0|0.0||||0.0|0|0|0|11.0|0.0|0.0|24306NEW|-|20|0|287568|0|0|0.0|0.0|0|NS6103030002440|1579504280132|1579575755082|STNDRCRB||
ND6TRAN|salesinvoice|value|226|SO240578905|2024-05-18|202427032|2024-05-18|007|21209|21209|21209||TO||0.0|0.0||||0.0|0|0|0|11.0|0.0|0.0|54010|-|5|0|76368|0|0|0.0|0.0|0|NS6103030002440|1579504280132|1579575755082|STNDRCRB||
ND6TRAN|salesinvoice|value|226|SO240578905|2024-05-18|202427032|2024-05-18|007|21209|21209|21209||TO||0.0|0.0||||0.0|0|0|0|11.0|0.0|0.0|31229|-|20|0|134400|0|0|0.0|0.0|0|NS6103030002440|1579504280132|1579575755082|STNDRCRB||
ND6TRAN|salesinvoice|value|226|SO240578905|2024-05-18|202427032|2024-05-18|007|21209|21209|21209||TO||0.0|0.0||||0.0|0|0|0|11.0|0.0|0.0|41563|-|10|0|166400|0|0|0.0|0.0|0|NS6103030002440|1579504280132|1579575755082|STNDRCRB||
ND6TRAN|salesinvoice|value|226|SO240578902|2024-05-18|202427009|2024-05-18|007|13009|13009|13009||TO||0.0|0.0||||0.0|0|0|0|11.0|0.0|0.0|24306NEW|-|12|0|287568|0|0|0.0|0.0|0|NS6103030002440|1579504280132|1579575755082|STNDRCRB||
ND6TRAN|salesinvoice|value|226|SO240578902|2024-05-18|202427009|2024-05-18|007|13009|13009|13009||TO||0.0|0.0||||0.0|0|0|0|11.0|0.0|0.0|31229|-|1|0|134400|0|0|0.0|0.0|0|NS6103030002440|1579504280132|1579575755082|STNDRCRB||
ND6TRAN|salesinvoice|value|172|SO240578871|2024-05-17|202426958|2024-05-18|002|17031|17031|17031||TO||0.0|0.0||||0.0|0|0|0|11.0|0.0|0.0|69913996|-|16|0|262727.27|0|0|0.0|0.0|0|NS6103030002440|1579504280132|1579575755082|STNDRCRB||
ND6TRAN|salesinvoice|value|CRS086|SO240578922|2024-05-18|202427078|2024-05-18|007|24954|24954|24954||TO||0.0|0.0||||0.0|0|0|0|11.0|0.0|0.0|24398|-|3|0|274932|0|343|0.0|0.0|0|NS6103030002440|1579504280132|1579575755082|STNDRCRB||
ND6TRAN|salesinvoice|value|CRS086|SO240578922|2024-05-18|202427078|2024-05-18|007|24954|24954|24954||TO||0.0|0.0||||0.0|0|0|0|11.0|0.0|0.0|24375|-|10|0|309000|0|772|0.0|0.0|0|NS6103030002440|1579504280132|1579575755082|STNDRCRB||
ND6TRAN|salesinvoice|value|CRS086|SO240578922|2024-05-18|202427078|2024-05-18|007|24954|24954|24954||TO||0.0|0.0||||0.0|0|0|0|11.0|0.0|0.0|22012|-|4|0|405420|0|405|0.0|0.0|0|NS6103030002440|1579504280132|1579575755082|STNDRCRB||
ND6TRAN|salesinvoice|value|CRS086|SO240578922|2024-05-18|202427078|2024-05-18|007|24954|24954|24954||TO||0.0|0.0||||0.0|0|0|0|11.0|0.0|0.0|21404|-|5|0|423264|0|661|0.0|0.0|0|NS6103030002440|1579504280132|1579575755082|STNDRCRB||
ND6TRAN|salesinvoice|value|CRS086|SO240578922|2024-05-18|202427078|2024-05-18|007|24954|24954|24954||TO||0.0|0.0||||0.0|0|0|0|11.0|0.0|0.0|31229|-|2|0|134400|0|50|0.0|0.0|0|NS6103030002440|1579504280132|1579575755082|STNDRCRB||
ND6TRAN|salesinvoice|value|CRS086|SO240578922|2024-05-18|202427078|2024-05-18|007|24954|24954|24954||TO||0.0|0.0||||0.0|0|0|0|11.0|0.0|0.0|41563|-|1|0|166400|0|62|0.0|0.0|0|NS6103030002440|1579504280132|1579575755082|STNDRCRB||
ND6TRAN|salesinvoice|value|226|SO240578896|2024-05-18|202427034|2024-05-18|007|12418|12418|12418||TO||0.0|0.0||||0.0|0|0|0|11.0|0.0|0.0|21404|-|48|0|423273|4169|6349|0.0|0.0|0|NS6103030002440|1579504280132|1579575755082|STNDRCRB||
ND6TRAN|salesinvoice|value|226|SO240578896|2024-05-18|202427034|2024-05-18|007|12418|12418|12418||TO||0.0|0.0||||0.0|0|0|0|11.0|0.0|0.0|41100|-|1|0|126000|68|105|0.0|0.0|0|NS6103030002440|1579504280132|1579575755082|STNDRCRB||
ND6TRAN|salesinvoice|value|226|SO240578896|2024-05-18|202427034|2024-05-18|007|12418|12418|12418||TO||0.0|0.0||||0.0|0|0|0|11.0|0.0|0.0|31229|-|1|0|134400|16|25|0.0|0.0|0|NS6103030002440|1579504280132|1579575755082|STNDRCRB||
ND6TRAN|salesinvoice|value|226|SO240578896|2024-05-18|202427034|2024-05-18|007|12418|12418|12418||TO||0.0|0.0||||0.0|0|0|0|11.0|0.0|0.0|41563|-|1|0|166400|40|62|0.0|0.0|0|NS6103030002440|1579504280132|1579575755082|STNDRCRB||
ND6TRAN|salesinvoice|value|226|SO240578896|2024-05-18|202427034|2024-05-18|007|12418|12418|12418||TO||0.0|0.0||||0.0|0|0|0|11.0|0.0|0.0|41094|-|1|0|162162|88|135|0.0|0.0|0|NS6103030002440|1579504280132|1579575755082|STNDRCRB||
ND6TRAN|salesinvoice|value|226|SO240578896|2024-05-18|202427034|2024-05-18|007|12418|12418|12418||TO||0.0|0.0||||0.0|0|0|0|11.0|0.0|0.0|24375|-|60|0|309000|3043|4635|0.0|0.0|0|NS6103030002440|1579504280132|1579575755082|STNDRCRB||
ND6TRAN|salesinvoice|value|CRS086|SO240578924|2024-05-18|202427114|2024-05-18|007|22311|22311|22311||TO||0.0|0.0||||0.0|0|0|0|11.0|0.0|0.0|21404|-|15|0|423264|0|0|0.0|0.0|0|NS6103030002440|1579504280132|1579575755082|STNDRCRB||
ND6TRAN|salesinvoice|value|CRS016|SO240578743|2024-05-16|202427161|2024-05-18|007|21419|21419|21419||TO||0.0|0.0||||0.0|0|0|0|11.0|0.0|0.0|24398|-|12|0|274932|0|0|0.0|0.0|0|NS6103030002440|1579504280132|1579575755082|STNDRCRB||
ND6TRAN|salesinvoice|value|CRS016|SO240578743|2024-05-16|202427161|2024-05-18|007|21419|21419|21419||TO||0.0|0.0||||0.0|0|0|0|11.0|0.0|0.0|24306NEW|-|12|0|287568|0|0|0.0|0.0|0|NS6103030002440|1579504280132|1579575755082|STNDRCRB||
ND6TRAN|salesinvoice|value|CRS016|SO240578743|2024-05-16|202427161|2024-05-18|007|21419|21419|21419||TO||0.0|0.0||||0.0|0|0|0|11.0|0.0|0.0|31229|-|12|0|134400|0|0|0.0|0.0|0|NS6103030002440|1579504280132|1579575755082|STNDRCRB||
ND6TRAN|salesinvoice|value|CRS086|SO240578925|2024-05-18|202427093|2024-05-18|009|24642|24642|24642||TO||0.0|0.0||||0.0|0|0|0|11.0|0.0|0.0|74035|-|20|0|612613|6126|0|0.0|0.0|0|NS6103030002440|1579504280132|1579575755082|STNDRCRB||
ND6TRAN|salesinvoice|value|196|SO240578891|2024-05-18|202427162|2024-05-18|007|25517|25517|25517||TO||0.0|0.0||||0.0|0|0|0|11.0|0.0|0.0|24306NEW|-|48|0|287568|1437|0|0.0|0.0|0|NS6103030002440|1579504280132|1579575755082|STNDRCRB||
ND6TRAN|salesinvoice|value|CRS016|SO240578828|2024-05-17|202427043|2024-05-18|007|24290|24290|24290||TO||0.0|0.0||||0.0|0|0|0|11.0|0.0|0.0|24306NEW|-|48|0|287568|1437|0|0.0|0.0|0|NS6103030002440|1579504280132|1579575755082|STNDRCRB||
ND6TRAN|salesinvoice|value|CRS086|SO240578926|2024-05-18|202427090|2024-05-18|007|16929|16929|16929||TO||0.0|0.0||||0.0|0|0|0|11.0|0.0|0.0|84034|-|1|0|225225.2|0|0|0.0|0.0|0|NS6103030002440|1579504280132|1579575755082|STNDRCRB||
ND6TRAN|salesinvoice|value|CRS086|SO240578926|2024-05-18|202427090|2024-05-18|007|16929|16929|16929||TO||0.0|0.0||||0.0|0|0|0|11.0|0.0|0.0|14038|-|6|0|326160|0|0|0.0|0.0|0|NS6103030002440|1579504280132|1579575755082|STNDRCRB||
ND6TRAN|salesinvoice|value|CRS086|SO240578926|2024-05-18|202427090|2024-05-18|007|16929|16929|16929||TO||0.0|0.0||||0.0|0|0|0|11.0|0.0|0.0|24306NEW|-|10|0|287568|0|0|0.0|0.0|0|NS6103030002440|1579504280132|1579575755082|STNDRCRB||
ND6TRAN|salesinvoice|value|CRS086|SO240578926|2024-05-18|202427090|2024-05-18|007|16929|16929|16929||TO||0.0|0.0||||0.0|0|0|0|11.0|0.0|0.0|31229|-|9|0|134400|0|0|0.0|0.0|0|NS6103030002440|1579504280132|1579575755082|STNDRCRB||
ND6TRAN|salesinvoice|value|CRS086|SO240578926|2024-05-18|202427090|2024-05-18|007|16929|16929|16929||TO||0.0|0.0||||0.0|0|0|0|11.0|0.0|0.0|54010|-|1|0|76368|0|0|0.0|0.0|0|NS6103030002440|1579504280132|1579575755082|STNDRCRB||
ND6TRAN|salesinvoice|value|CRS018|SO240578664|2024-05-15|202426992|2024-05-18|002|15480|15480|15480||TO||0.0|0.0||||0.0|0|0|0|11.0|0.0|0.0|31229|-|8000|0|134400|268800|0|0.0|0.0|131712|NS6103030002440|1579504280132|1579575755082|STNDRCRB||
ND6TRAN|salesinvoice|value|CRS018|SO240578664|2024-05-15|202426992|2024-05-18|002|15480|15480|15480||TO||0.0|0.0||||0.0|0|0|0|11.0|0.0|0.0|41063|-|270|0|162162|48648|0|0.0|0.0|23837|NS6103030002440|1579504280132|1579575755082|STNDRCRB||
ND6TRAN|salesinvoice|value|CRS018|SO240578664|2024-05-15|202426992|2024-05-18|002|15480|15480|15480||TO||0.0|0.0||||0.0|0|0|0|11.0|0.0|0.0|24306NEW|-|4800|0|287568|287568|0|0.0|0.0|284692|NS6103030002440|1579504280132|1579575755082|STNDRCRB||
ND6TRAN|salesinvoice|value|CRS018|SO240578664|2024-05-15|202426992|2024-05-18|002|15480|15480|15480||TO||0.0|0.0||||0.0|0|0|0|11.0|0.0|0.0|41094|-|270|0|162162|48648|0|0.0|0.0|23837|NS6103030002440|1579504280132|1579575755082|STNDRCRB||
ND6TRAN|salesinvoice|value|CRS018|SO240578664|2024-05-15|202426992|2024-05-18|002|15480|15480|15480||TO||0.0|0.0||||0.0|0|0|0|11.0|0.0|0.0|21404|-|4800|0|423273|846546|0|0.0|0.0|414807|NS6103030002440|1579504280132|1579575755082|STNDRCRB||
ND6TRAN|salesinvoice|value|CRS018|SO240578664|2024-05-15|202426992|2024-05-18|002|15480|15480|15480||TO||0.0|0.0||||0.0|0|0|0|11.0|0.0|0.0|24016|-|2400|0|216216|108108|0|0.0|0.0|107026|NS6103030002440|1579504280132|1579575755082|STNDRCRB||
ND6TRAN|salesinvoice|value|CRS016|SO240578917|2024-05-18|202427072|2024-05-18|003|26646|26646|26646||TO||0.0|0.0||||0.0|0|0|0|11.0|0.0|0.0|24306NEW|-|240|0|287568|14378|0|0.0|0.0|0|NS6103030002440|1579504280132|1579575755082|STNDRCRB||
ND6TRAN|salesinvoice|value|CRS024|SO240578931|2024-05-17|202427074|2024-05-18|002|11746|11746|11746||TO||0.0|0.0||||0.0|0|0|0|11.0|0.0|0.0|12537|-|100|0|655200|0|0|0.0|0.0|0|NS6103030002440|1579504280132|1579575755082|STNDRCRB||
ND6TRAN|salesinvoice|value|CRS024|SO240578931|2024-05-17|202427074|2024-05-18|002|11746|11746|11746||TO||0.0|0.0||||0.0|0|0|0|11.0|0.0|0.0|11014|-|24|0|157443|0|0|0.0|0.0|0|NS6103030002440|1579504280132|1579575755082|STNDRCRB||
ND6TRAN|salesinvoice|value|CRS024|SO240578931|2024-05-17|202427074|2024-05-18|002|11746|11746|11746||TO||0.0|0.0||||0.0|0|0|0|11.0|0.0|0.0|11365|-|24|0|407727|0|0|0.0|0.0|0|NS6103030002440|1579504280132|1579575755082|STNDRCRB||
ND6TRAN|salesinvoice|value|CRS024|SO240578931|2024-05-17|202427074|2024-05-18|002|11746|11746|11746||TO||0.0|0.0||||0.0|0|0|0|11.0|0.0|0.0|21367|-|40|0|572218.18|0|0|0.0|0.0|0|NS6103030002440|1579504280132|1579575755082|STNDRCRB||
ND6TRAN|salesinvoice|value|CRS024|SO240578931|2024-05-17|202427074|2024-05-18|002|11746|11746|11746||TO||0.0|0.0||||0.0|0|0|0|11.0|0.0|0.0|74127|-|20|0|534545.45|0|0|0.0|0.0|0|NS6103030002440|1579504280132|1579575755082|STNDRCRB||
ND6TRAN|salesinvoice|value|CRS024|SO240578931|2024-05-17|202427074|2024-05-18|002|11746|11746|11746||TO||0.0|0.0||||0.0|0|0|0|11.0|0.0|0.0|41686|-|40|0|272872.73|0|0|0.0|0.0|0|NS6103030002440|1579504280132|1579575755082|STNDRCRB||
ND6TRAN|salesinvoice|value|CRS024|SO240578931|2024-05-17|202427074|2024-05-18|002|11746|11746|11746||TO||0.0|0.0||||0.0|0|0|0|11.0|0.0|0.0|31236|-|24|0|301788.96|0|0|0.0|0.0|0|NS6103030002440|1579504280132|1579575755082|STNDRCRB||
ND6TRAN|salesinvoice|value|CRS024|SO240578931|2024-05-17|202427074|2024-05-18|002|11746|11746|11746||TO||0.0|0.0||||0.0|0|0|0|11.0|0.0|0.0|34113|-|96|0|288349.09|0|0|0.0|0.0|0|NS6103030002440|1579504280132|1579575755082|STNDRCRB||
ND6TRAN|salesinvoice|value|CRS024|SO240578931|2024-05-17|202427074|2024-05-18|002|11746|11746|11746||TO||0.0|0.0||||0.0|0|0|0|11.0|0.0|0.0|21398|-|40|0|436189.09|0|0|0.0|0.0|0|NS6103030002440|1579504280132|1579575755082|STNDRCRB||
ND6TRAN|salesinvoice|value|CRS024|SO240578931|2024-05-17|202427074|2024-05-18|002|11746|11746|11746||TO||0.0|0.0||||0.0|0|0|0|11.0|0.0|0.0|44028|-|24|0|652364|0|0|0.0|0.0|0|NS6103030002440|1579504280132|1579575755082|STNDRCRB||
ND6TRAN|salesinvoice|value|CRS024|SO240578931|2024-05-17|202427074|2024-05-18|002|11746|11746|11746||TO||0.0|0.0||||0.0|0|0|0|11.0|0.0|0.0|41100|-|90|0|126000|0|0|0.0|0.0|0|NS6103030002440|1579504280132|1579575755082|STNDRCRB||
ND6TRAN|salesinvoice|value|CRS086|SO240578920|2024-05-18|202427082|2024-05-18|003|26489|26489|26489||TO||0.0|0.0||||0.0|0|0|0|11.0|0.0|0.0|54010|-|6|0|76364|0|0|0.0|0.0|0|NS6103030002440|1579504280132|1579575755082|STNDRCRB||
ND6TRAN|salesinvoice|value|196|SO240578883|2024-05-18|202427166|2024-05-18|007|25921|25921|25921||TO||0.0|0.0||||0.0|0|0|0|11.0|0.0|0.0|24306NEW|-|25|0|287568|0|0|0.0|0.0|0|NS6103030002440|1579504280132|1579575755082|STNDRCRB||
ND6TRAN|salesinvoice|value|196|SO240578893|2024-05-18|202427157|2024-05-18|007|25994|25994|25994||TO||0.0|0.0||||0.0|0|0|0|11.0|0.0|0.0|31229|-|40|0|134400|0|0|0.0|0.0|0|NS6103030002440|1579504280132|1579575755082|STNDRCRB||
ND6TRAN|salesinvoice|value|CRS016|SO240578914|2024-05-18|202427041|2024-05-18|007|24921|24921|24921||TO||0.0|0.0||||0.0|0|0|0|11.0|0.0|0.0|31229|-|80|0|134400|1344|0|0.0|0.0|0|NS6103030002440|1579504280132|1579575755082|STNDRCRB||
ND6TRAN|salesinvoice|value|CRS016|SO240578914|2024-05-18|202427041|2024-05-18|007|24921|24921|24921||TO||0.0|0.0||||0.0|0|0|0|11.0|0.0|0.0|24306NEW|-|96|0|287568|2875|0|0.0|0.0|0|NS6103030002440|1579504280132|1579575755082|STNDRCRB||
ND6TRAN|salesinvoice|value|CRS016|SO240578914|2024-05-18|202427041|2024-05-18|007|24921|24921|24921||TO||0.0|0.0||||0.0|0|0|0|11.0|0.0|0.0|21404|-|48|0|423273|4232|0|0.0|0.0|0|NS6103030002440|1579504280132|1579575755082|STNDRCRB||
ND6TRAN|salesinvoice|value|CRS016|SO240578914|2024-05-18|202427041|2024-05-18|007|24921|24921|24921||TO||0.0|0.0||||0.0|0|0|0|11.0|0.0|0.0|22012|-|60|0|405405|4054|0|0.0|0.0|0|NS6103030002440|1579504280132|1579575755082|STNDRCRB||
ND6TRAN|salesinvoice|value|226|SO240578908|2024-05-18|202427026|2024-05-18|007|11991|11991|11991||TO||0.0|0.0||||0.0|0|0|0|11.0|0.0|0.0|24306NEW|-|16|0|287568|0|0|0.0|0.0|0|NS6103030002440|1579504280132|1579575755082|STNDRCRB||
ND6TRAN|salesinvoice|value|226|SO240578908|2024-05-18|202427026|2024-05-18|007|11991|11991|11991||TO||0.0|0.0||||0.0|0|0|0|11.0|0.0|0.0|31229|-|10|0|134400|0|0|0.0|0.0|0|NS6103030002440|1579504280132|1579575755082|STNDRCRB||
ND6TRAN|salesinvoice|value|226|SO240578908|2024-05-18|202427026|2024-05-18|007|11991|11991|11991||TO||0.0|0.0||||0.0|0|0|0|11.0|0.0|0.0|21404|-|5|0|423264|0|0|0.0|0.0|0|NS6103030002440|1579504280132|1579575755082|STNDRCRB||
ND6TRAN|salesinvoice|value|196|SO240578886|2024-05-18|202427131|2024-05-18|007|10522|10522|10522||TO||0.0|0.0||||0.0|0|0|0|11.0|0.0|0.0|24306NEW|-|15|0|287568|0|0|0.0|0.0|0|NS6103030002440|1579504280132|1579575755082|STNDRCRB||
ND6TRAN|salesinvoice|value|196|SO240578886|2024-05-18|202427131|2024-05-18|007|10522|10522|10522||TO||0.0|0.0||||0.0|0|0|0|11.0|0.0|0.0|21404|-|6|0|423264|0|0|0.0|0.0|0|NS6103030002440|1579504280132|1579575755082|STNDRCRB||
ND6TRAN|salesinvoice|value|196|SO240578886|2024-05-18|202427131|2024-05-18|007|10522|10522|10522||TO||0.0|0.0||||0.0|0|0|0|11.0|0.0|0.0|31229|-|20|0|134400|0|0|0.0|0.0|0|NS6103030002440|1579504280132|1579575755082|STNDRCRB||
ND6TRAN|salesinvoice|value|196|SO240578886|2024-05-18|202427131|2024-05-18|007|10522|10522|10522||TO||0.0|0.0||||0.0|0|0|0|11.0|0.0|0.0|41563|-|2|0|166400|0|0|0.0|0.0|0|NS6103030002440|1579504280132|1579575755082|STNDRCRB||
ND6TRAN|salesinvoice|value|226|SO240578900|2024-05-18|202427025|2024-05-18|007|10414|10414|10414||TO||0.0|0.0||||0.0|0|0|0|11.0|0.0|0.0|24306NEW|-|5|0|287568|0|0|0.0|0.0|0|NS6103030002440|1579504280132|1579575755082|STNDRCRB||
ND6TRAN|salesinvoice|value|226|SO240578900|2024-05-18|202427025|2024-05-18|007|10414|10414|10414||TO||0.0|0.0||||0.0|0|0|0|11.0|0.0|0.0|54010|-|6|0|76364|0|0|0.0|0.0|0|NS6103030002440|1579504280132|1579575755082|STNDRCRB||
ND6TRAN|salesinvoice|value|CRS016|SO240578912|2024-05-18|202427066|2024-05-18|007|18341|18341|18341||TO||0.0|0.0||||0.0|0|0|0|11.0|0.0|0.0|24398|-|3|0|274932|0|343|0.0|0.0|0|NS6103030002440|1579504280132|1579575755082|STNDRCRB||
ND6TRAN|salesinvoice|value|CRS016|SO240578912|2024-05-18|202427066|2024-05-18|007|18341|18341|18341||TO||0.0|0.0||||0.0|0|0|0|11.0|0.0|0.0|41063|-|3|0|162162|0|405|0.0|0.0|0|NS6103030002440|1579504280132|1579575755082|STNDRCRB||
ND6TRAN|salesinvoice|value|CRS016|SO240578912|2024-05-18|202427066|2024-05-18|007|18341|18341|18341||TO||0.0|0.0||||0.0|0|0|0|11.0|0.0|0.0|54010|-|1|0|76368|63|0|0.0|0.0|0|NS6103030002440|1579504280132|1579575755082|STNDRCRB||
ND6TRAN|salesinvoice|value|CRS016|SO240578912|2024-05-18|202427066|2024-05-18|007|18341|18341|18341||TO||0.0|0.0||||0.0|0|0|0|11.0|0.0|0.0|21404|-|3|0|423264|0|396|0.0|0.0|0|NS6103030002440|1579504280132|1579575755082|STNDRCRB||
ND6TRAN|salesinvoice|value|CRS016|SO240578912|2024-05-18|202427066|2024-05-18|007|18341|18341|18341||TO||0.0|0.0||||0.0|0|0|0|11.0|0.0|0.0|41094|-|3|0|162162|0|405|0.0|0.0|0|NS6103030002440|1579504280132|1579575755082|STNDRCRB||
ND6TRAN|salesinvoice|value|CRS016|SO240578912|2024-05-18|202427066|2024-05-18|007|18341|18341|18341||TO||0.0|0.0||||0.0|0|0|0|11.0|0.0|0.0|24375|-|3|0|309000|0|231|0.0|0.0|0|NS6103030002440|1579504280132|1579575755082|STNDRCRB||
ND6TRAN|salesinvoice|value|CRS016|SO240578912|2024-05-18|202427066|2024-05-18|007|18341|18341|18341||TO||0.0|0.0||||0.0|0|0|0|11.0|0.0|0.0|41563|-|3|0|166400|0|187|0.0|0.0|0|NS6103030002440|1579504280132|1579575755082|STNDRCRB||
ND6TRAN|salesinvoice|value|CRS016|SO240578912|2024-05-18|202427066|2024-05-18|007|18341|18341|18341||TO||0.0|0.0||||0.0|0|0|0|11.0|0.0|0.0|31229|-|3|0|134400|0|75|0.0|0.0|0|NS6103030002440|1579504280132|1579575755082|STNDRCRB||
ND6TRAN|salesinvoice|value|CRS016|SO240578912|2024-05-18|202427066|2024-05-18|007|18341|18341|18341||TO||0.0|0.0||||0.0|0|0|0|11.0|0.0|0.0|22012|-|3|0|405420|0|304|0.0|0.0|0|NS6103030002440|1579504280132|1579575755082|STNDRCRB||
ND6TRAN|salesinvoice|value|CRS016|SO240578912|2024-05-18|202427066|2024-05-18|007|18341|18341|18341||TO||0.0|0.0||||0.0|0|0|0|11.0|0.0|0.0|24306NEW|-|48|0|287568|1437|0|0.0|0.0|0|NS6103030002440|1579504280132|1579575755082|STNDRCRB||
ND6TRAN|salesinvoice|value|196|SO240578889|2024-05-18|202427165|2024-05-18|007|13740|13740|13740||TO||0.0|0.0||||0.0|0|0|0|11.0|0.0|0.0|24306NEW|-|48|0|287568|1437|0|0.0|0.0|0|NS6103030002440|1579504280132|1579575755082|STNDRCRB||
ND6TRAN|salesinvoice|value|CRS016|SO240578910|2024-05-18|202427077|2024-05-18|007|11185|11185|11185||TO||0.0|0.0||||0.0|0|0|0|11.0|0.0|0.0|31229|-|45|0|134400|0|0|0.0|0.0|0|NS6103030002440|1579504280132|1579575755082|STNDRCRB||
ND6TRAN|salesinvoice|value|172|SO240578929|2024-05-18|202427170|2024-05-18|003|26812|26812|26812||TO||0.0|0.0||||0.0|0|0|0|11.0|0.0|0.0|69911034|-|60|0|190000|0|0|0.0|0.0|0|NS6103030002440|1579504280132|1579575755082|STNDRCRB||
ND6TRAN|salesinvoice|value|CRS016|SO240578915|2024-05-18|202427067|2024-05-18|007|26077|26077|26077||TO||0.0|0.0||||0.0|0|0|0|11.0|0.0|0.0|24375|-|5|0|309000|0|0|0.0|0.0|0|NS6103030002440|1579504280132|1579575755082|STNDRCRB||
ND6TRAN|salesinvoice|value|CRS016|SO240578915|2024-05-18|202427067|2024-05-18|007|26077|26077|26077||TO||0.0|0.0||||0.0|0|0|0|11.0|0.0|0.0|54010|-|1|0|76368|63|0|0.0|0.0|0|NS6103030002440|1579504280132|1579575755082|STNDRCRB||
ND6TRAN|salesinvoice|value|CRS016|SO240578915|2024-05-18|202427067|2024-05-18|007|26077|26077|26077||TO||0.0|0.0||||0.0|0|0|0|11.0|0.0|0.0|24306NEW|-|96|0|287568|2875|0|0.0|0.0|0|NS6103030002440|1579504280132|1579575755082|STNDRCRB||
ND6TRAN|salesinvoice|value|196|SO240578892|2024-05-18|202427153|2024-05-18|007|19666|19666|19666||TO||0.0|0.0||||0.0|0|0|0|11.0|0.0|0.0|31229|-|12|0|134400|0|302|0.0|0.0|0|NS6103030002440|1579504280132|1579575755082|STNDRCRB||
ND6TRAN|salesinvoice|value|196|SO240578892|2024-05-18|202427153|2024-05-18|007|19666|19666|19666||TO||0.0|0.0||||0.0|0|0|0|11.0|0.0|0.0|22012|-|4|0|405420|0|405|0.0|0.0|0|NS6103030002440|1579504280132|1579575755082|STNDRCRB||
ND6TRAN|salesinvoice|value|196|SO240578892|2024-05-18|202427153|2024-05-18|007|19666|19666|19666||TO||0.0|0.0||||0.0|0|0|0|11.0|0.0|0.0|24375|-|12|0|309000|0|927|0.0|0.0|0|NS6103030002440|1579504280132|1579575755082|STNDRCRB||
ND6TRAN|salesinvoice|value|196|SO240578892|2024-05-18|202427153|2024-05-18|007|19666|19666|19666||TO||0.0|0.0||||0.0|0|0|0|11.0|0.0|0.0|24016|-|48|0|216216|0|0|0.0|0.0|0|NS6103030002440|1579504280132|1579575755082|STNDRCRB||
ND6TRAN|salesinvoice|value|196|SO240578892|2024-05-18|202427153|2024-05-18|007|19666|19666|19666||TO||0.0|0.0||||0.0|0|0|0|11.0|0.0|0.0|41563|-|6|0|166400|0|374|0.0|0.0|0|NS6103030002440|1579504280132|1579575755082|STNDRCRB||
ND6TRAN|salesinvoice|value|196|SO240578892|2024-05-18|202427153|2024-05-18|007|19666|19666|19666||TO||0.0|0.0||||0.0|0|0|0|11.0|0.0|0.0|41094|-|5|0|162162|0|675|0.0|0.0|0|NS6103030002440|1579504280132|1579575755082|STNDRCRB||
ND6TRAN|salesinvoice|value|196|SO240578892|2024-05-18|202427153|2024-05-18|007|19666|19666|19666||TO||0.0|0.0||||0.0|0|0|0|11.0|0.0|0.0|41063|-|4|0|162162|0|540|0.0|0.0|0|NS6103030002440|1579504280132|1579575755082|STNDRCRB||
ND6TRAN|salesinvoice|value|196|SO240578892|2024-05-18|202427153|2024-05-18|007|19666|19666|19666||TO||0.0|0.0||||0.0|0|0|0|11.0|0.0|0.0|24306NEW|-|6|0|287568|0|0|0.0|0.0|0|NS6103030002440|1579504280132|1579575755082|STNDRCRB||
ND6TRAN|salesinvoice|value|CRS016|SO240578913|2024-05-18|202427044|2024-05-18|007|24256|24256|24256||TO||0.0|0.0||||0.0|0|0|0|11.0|0.0|0.0|54010|-|6|0|76364|381|0|0.0|0.0|0|NS6103030002440|1579504280132|1579575755082|STNDRCRB||
ND6TRAN|salesinvoice|value|CRS016|SO240578913|2024-05-18|202427044|2024-05-18|007|24256|24256|24256||TO||0.0|0.0||||0.0|0|0|0|11.0|0.0|0.0|24306NEW|-|96|0|287568|2875|0|0.0|0.0|0|NS6103030002440|1579504280132|1579575755082|STNDRCRB||
ND6TRAN|salesinvoice|value|CRS016|SO240578913|2024-05-18|202427044|2024-05-18|007|24256|24256|24256||TO||0.0|0.0||||0.0|0|0|0|11.0|0.0|0.0|22012|-|12|0|405420|0|0|0.0|0.0|0|NS6103030002440|1579504280132|1579575755082|STNDRCRB||
ND6TRAN|salesinvoice|value|CRS086|SO240578919|2024-05-18|202427112|2024-05-18|007|18327|18327|18327||TO||0.0|0.0||||0.0|0|0|0|11.0|0.0|0.0|24306NEW|-|48|0|287568|1437|0|0.0|0.0|0|NS6103030002440|1579504280132|1579575755082|STNDRCRB||
ND6TRAN|salesinvoice|value|CRS086|SO240578919|2024-05-18|202427112|2024-05-18|007|18327|18327|18327||TO||0.0|0.0||||0.0|0|0|0|11.0|0.0|0.0|22012|-|60|0|405405|4054|0|0.0|0.0|0|NS6103030002440|1579504280132|1579575755082|STNDRCRB||
ND6TRAN|salesinvoice|value|196|SO240578880|2024-05-18|202427152|2024-05-18|007|11819|11819|11819||TO||0.0|0.0||||0.0|0|0|0|11.0|0.0|0.0|54010|-|6|0|76364|381|0|0.0|0.0|0|NS6103030002440|1579504280132|1579575755082|STNDRCRB||
ND6TRAN|salesinvoice|value|196|SO240578880|2024-05-18|202427152|2024-05-18|007|11819|11819|11819||TO||0.0|0.0||||0.0|0|0|0|11.0|0.0|0.0|24306NEW|-|48|0|287568|1437|0|0.0|0.0|0|NS6103030002440|1579504280132|1579575755082|STNDRCRB||
ND6TRAN|salesinvoice|value|CRS024|SO240578856|2024-05-17|202426963|2024-05-18|002|14454|14454|14454||TO||0.0|0.0||||0.0|0|0|0|11.0|0.0|0.0|74111|-|60|0|375676|0|0|0.0|0.0|0|NS6103030002440|1579504280132|1579575755082|STNDRCRB||
ND6TRAN|salesinvoice|value|CRS024|SO240578856|2024-05-17|202426963|2024-05-18|002|14454|14454|14454||TO||0.0|0.0||||0.0|0|0|0|11.0|0.0|0.0|14052|-|10|0|303818.18|0|0|0.0|0.0|0|NS6103030002440|1579504280132|1579575755082|STNDRCRB||
ND6TRAN|salesinvoice|value|CRS024|SO240578856|2024-05-17|202426963|2024-05-18|002|14454|14454|14454||TO||0.0|0.0||||0.0|0|0|0|11.0|0.0|0.0|84034|-|20|0|225225|0|0|0.0|0.0|0|NS6103030002440|1579504280132|1579575755082|STNDRCRB||
ND6TRAN|salesinvoice|value|CRS024|SO240578856|2024-05-17|202426963|2024-05-18|002|14454|14454|14454||TO||0.0|0.0||||0.0|0|0|0|11.0|0.0|0.0|22012|-|300|0|405405|0|0|0.0|0.0|0|NS6103030002440|1579504280132|1579575755082|STNDRCRB||
ND6TRAN|salesinvoice|value|CRS086|SO240578927|2024-05-18|202427115|2024-05-18|007|17002|17002|17002||TO||0.0|0.0||||0.0|0|0|0|11.0|0.0|0.0|41094|-|1|0|162162|0|135|0.0|0.0|0|NS6103030002440|1579504280132|1579575755082|STNDRCRB||
ND6TRAN|salesinvoice|value|CRS086|SO240578927|2024-05-18|202427115|2024-05-18|007|17002|17002|17002||TO||0.0|0.0||||0.0|0|0|0|11.0|0.0|0.0|41100|-|1|0|126000|0|105|0.0|0.0|0|NS6103030002440|1579504280132|1579575755082|STNDRCRB||
ND6TRAN|salesinvoice|value|CRS086|SO240578927|2024-05-18|202427115|2024-05-18|007|17002|17002|17002||TO||0.0|0.0||||0.0|0|0|0|11.0|0.0|0.0|41563|-|5|0|166400|0|312|0.0|0.0|0|NS6103030002440|1579504280132|1579575755082|STNDRCRB||
ND6TRAN|salesinvoice|value|CRS086|SO240578927|2024-05-18|202427115|2024-05-18|007|17002|17002|17002||TO||0.0|0.0||||0.0|0|0|0|11.0|0.0|0.0|24375|-|3|0|309000|0|231|0.0|0.0|0|NS6103030002440|1579504280132|1579575755082|STNDRCRB||
ND6TRAN|salesinvoice|value|CRS086|SO240578927|2024-05-18|202427115|2024-05-18|007|17002|17002|17002||TO||0.0|0.0||||0.0|0|0|0|11.0|0.0|0.0|22012|-|12|0|405420|0|1216|0.0|0.0|0|NS6103030002440|1579504280132|1579575755082|STNDRCRB||
ND6TRAN|salesinvoice|value|CRS086|SO240578927|2024-05-18|202427115|2024-05-18|007|17002|17002|17002||TO||0.0|0.0||||0.0|0|0|0|11.0|0.0|0.0|31229|-|12|0|134400|0|302|0.0|0.0|0|NS6103030002440|1579504280132|1579575755082|STNDRCRB||
ND6TRAN|salesinvoice|value|226|SO240578897|2024-05-18|202427015|2024-05-18|007|24488|24488|24488||TO||0.0|0.0||||0.0|0|0|0|11.0|0.0|0.0|54010|-|5|0|76368|0|0|0.0|0.0|0|NS6103030002440|1579504280132|1579575755082|STNDRCRB||
ND6TRAN|salesinvoice|value|226|SO240578901|2024-05-18|202427011|2024-05-18|007|11133|11133|11133||TO||0.0|0.0||||0.0|0|0|0|11.0|0.0|0.0|24306NEW|-|8|0|287568|0|0|0.0|0.0|0|NS6103030002440|1579504280132|1579575755082|STNDRCRB||
ND6TRAN|salesinvoice|value|226|SO240578901|2024-05-18|202427011|2024-05-18|007|11133|11133|11133||TO||0.0|0.0||||0.0|0|0|0|11.0|0.0|0.0|54010|-|6|0|76364|0|0|0.0|0.0|0|NS6103030002440|1579504280132|1579575755082|STNDRCRB||
ND6TRAN|salesinvoice|value|172|SO240578876|2024-05-18|202427137|2024-05-18|003|25627|25627|25627||TO||0.0|0.0||||0.0|0|0|0|11.0|0.0|0.0|69915850|-|24|0|173637|0|0|0.0|0.0|0|NS6103030002440|1579504280132|1579575755082|STNDRCRB||
ND6TRAN|salesinvoice|value|226|SO240578898|2024-05-18|202427021|2024-05-18|007|22971|22971|22971||TO||0.0|0.0||||0.0|0|0|0|11.0|0.0|0.0|54010|-|2|0|76368|0|0|0.0|0.0|0|NS6103030002440|1579504280132|1579575755082|STNDRCRB||
ND6TRAN|salesinvoice|value|226|SO240578898|2024-05-18|202427021|2024-05-18|007|22971|22971|22971||TO||0.0|0.0||||0.0|0|0|0|11.0|0.0|0.0|24306NEW|-|12|0|287568|0|0|0.0|0.0|0|NS6103030002440|1579504280132|1579575755082|STNDRCRB||
ND6TRAN|salesinvoice|value|226|SO240578906|2024-05-18|202427028|2024-05-18|007|21195|21195|21195||TO||0.0|0.0||||0.0|0|0|0|11.0|0.0|0.0|31229|-|40|0|134400|0|0|0.0|0.0|0|NS6103030002440|1579504280132|1579575755082|STNDRCRB||
ND6TRAN|salesinvoice|value|226|SO240578906|2024-05-18|202427028|2024-05-18|007|21195|21195|21195||TO||0.0|0.0||||0.0|0|0|0|11.0|0.0|0.0|54010|-|2|0|76368|0|0|0.0|0.0|0|NS6103030002440|1579504280132|1579575755082|STNDRCRB||
ND6TRAN|salesinvoice|value|226|SO240578906|2024-05-18|202427028|2024-05-18|007|21195|21195|21195||TO||0.0|0.0||||0.0|0|0|0|11.0|0.0|0.0|24306NEW|-|24|0|287568|0|0|0.0|0.0|0|NS6103030002440|1579504280132|1579575755082|STNDRCRB||
ND6TRAN|salesinvoice|value|172|SO240578874|2024-05-18|202427073|2024-05-18|003|22635|22635|22635||TO||0.0|0.0||||0.0|0|0|0|11.0|0.0|0.0|69912630A|-|2|0|254550|0|0|0.0|0.0|0|NS6103030002440|1579504280132|1579575755082|STNDRCRB||
ND6TRAN|salesinvoice|value|196|SO240578887|2024-05-18|202427127|2024-05-18|007|10735|10735|10735||TO||0.0|0.0||||0.0|0|0|0|11.0|0.0|0.0|24306NEW|-|48|0|287568|1437|0|0.0|0.0|0|NS6103030002440|1579504280132|1579575755082|STNDRCRB||
ND6TRAN|salesinvoice|value|196|SO240578887|2024-05-18|202427127|2024-05-18|007|10735|10735|10735||TO||0.0|0.0||||0.0|0|0|0|11.0|0.0|0.0|41563|-|12|0|166400|0|0|0.0|0.0|0|NS6103030002440|1579504280132|1579575755082|STNDRCRB||
ND6TRAN|salesinvoice|value|196|SO240578887|2024-05-18|202427127|2024-05-18|007|10735|10735|10735||TO||0.0|0.0||||0.0|0|0|0|11.0|0.0|0.0|31229|-|40|0|134400|0|0|0.0|0.0|0|NS6103030002440|1579504280132|1579575755082|STNDRCRB||
