UNVGENIN|NS6103030002300|1571629800164|3048792|20240521|12:46:15
ND6TRAN|salesinvoice|value|111|SO240550673|2024-05-20|20247119|2024-05-20|007|3082|3082|3082||TO||0.0|0.0||||0.0|0|0|0|11.0|0.0|0.0|200010|-|72|0|299091|29909|0|0.0|0.0|0|NS6103030002300|1571629800164|1574817994762|STANDARD||
ND6TRAN|salesinvoice|value|111|SO240550693|2024-05-20|20247118|2024-05-20|003|242|242|242||TO||0.0|0.0||||0.0|0|0|0|11.0|0.0|0.0|200005|-|24|0|173636|8681|0|0.0|0.0|0|NS6103030002300|1571629800164|1574817994762|STANDARD||
ND6TRAN|salesinvoice|value|9|SO240550657|2024-05-18|20247125|2024-05-20|007|1018|1018|1018||TO||0.0|0.0||||0.0|0|0|0|11.0|0.0|0.0|200005|-|120|0|173636|130227|0|0.0|0.0|0|NS6103030002300|1571629800164|1574817994762|STANDARD||
ND6TRAN|salesinvoice|value|9|SO240550657|2024-05-18|20247125|2024-05-20|007|1018|1018|1018||TO||0.0|0.0||||0.0|0|0|0|11.0|0.0|0.0|200004|-|300|0|170000|127500|0|0.0|0.0|0|NS6103030002300|1571629800164|1574817994762|STANDARD||
ND6TRAN|salesinvoice|value|111|SO240550688|2024-05-20|20247127|2024-05-20|006|3174|3174|3174||TO||0.0|0.0||||0.0|0|0|0|11.0|0.0|0.0|200005|-|24|0|173636|26045|0|0.0|0.0|0|NS6103030002300|1571629800164|1574817994762|STANDARD||
ND6TRAN|salesinvoice|value|9|SO240550687|2024-05-20|20247124|2024-05-20|003|4308|4308|4308||TO||0.0|0.0||||0.0|0|0|0|11.0|0.0|0.0|200004|-|60|0|170000|17000|0|0.0|0.0|0|NS6103030002300|1571629800164|1574817994762|STANDARD||
ND6TRAN|salesinvoice|value|9|SO240550675|2024-05-20|20247133|2024-05-20|007|3971|3971|3971||TO||0.0|0.0||||0.0|0|0|0|11.0|0.0|0.0|200014|-|24|0|210000|21000|0|0.0|0.0|0|NS6103030002300|1571629800164|1574817994762|STANDARD||
ND6TRAN|salesinvoice|value|9|SO240550655|2024-05-18|20247106|2024-05-20|002|3516|3516|3516||TO||0.0|0.0||||0.0|0|0|0|11.0|0.0|0.0|200004|-|300|0|138623|0|0|0.0|0.0|0|NS6103030002300|1571629800164|1574817994762|STANDARD||
ND6TRAN|salesinvoice|value|9|SO240550655|2024-05-18|20247106|2024-05-20|002|3516|3516|3516||TO||0.0|0.0||||0.0|0|0|0|11.0|0.0|0.0|200005|-|1680|0|141335|0|0|0.0|0.0|0|NS6103030002300|1571629800164|1574817994762|STANDARD||
ND6TRAN|salesinvoice|value|9|SO240550674|2024-05-20|20247100|2024-05-20|007|2745|2745|2745||TO||0.0|0.0||||0.0|0|0|0|11.0|0.0|0.0|200006|-|16|0|262727|13136|0|0.0|0.0|0|NS6103030002300|1571629800164|1574817994762|STANDARD||
ND6TRAN|salesinvoice|value|9|SO240550674|2024-05-20|20247100|2024-05-20|007|2745|2745|2745||TO||0.0|0.0||||0.0|0|0|0|11.0|0.0|0.0|200004|-|60|0|170000|8500|0|0.0|0.0|0|NS6103030002300|1571629800164|1574817994762|STANDARD||
ND6TRAN|salesinvoice|value|9|SO240550674|2024-05-20|20247100|2024-05-20|007|2745|2745|2745||TO||0.0|0.0||||0.0|0|0|0|11.0|0.0|0.0|200009|-|48|0|419545|20977|0|0.0|0.0|0|NS6103030002300|1571629800164|1574817994762|STANDARD||
ND6TRAN|salesinvoice|value|8|SO240550663|2024-05-18|20247117|2024-05-20|007|570|570|570||TO||0.0|0.0||||0.0|0|0|0|11.0|0.0|0.0|200005|-|480|0|173636|605989|0|0.0|0.0|0|NS6103030002300|1571629800164|1574817994762|STANDARD||
ND6TRAN|salesinvoice|value|8|SO240550663|2024-05-18|20247117|2024-05-20|007|570|570|570||TO||0.0|0.0||||0.0|0|0|0|11.0|0.0|0.0|200024|-|60|0|190000|33155|0|0.0|0.0|0|NS6103030002300|1571629800164|1574817994762|STANDARD||
ND6TRAN|salesinvoice|value|8|SO240550663|2024-05-18|20247117|2024-05-20|007|570|570|570||TO||0.0|0.0||||0.0|0|0|0|11.0|0.0|0.0|200004|-|360|0|170000|154734|0|0.0|0.0|0|NS6103030002300|1571629800164|1574817994762|STANDARD||
ND6TRAN|salesinvoice|value|9|SO240550665|2024-05-18|20247099|2024-05-20|007|1046|1046|1046||TO||0.0|0.0||||0.0|0|0|0|11.0|0.0|0.0|200005|-|48|0|173636|34727|0|0.0|0.0|0|NS6103030002300|1571629800164|1574817994762|STANDARD||
ND6TRAN|salesinvoice|value|8|SO240550694|2024-05-20|20247129|2024-05-20|003|3875|3875|3875||TO||0.0|0.0||||0.0|0|0|0|11.0|0.0|0.0|200004|-|60|0|170000|8500|0|0.0|0.0|0|NS6103030002300|1571629800164|1574817994762|STANDARD||
ND6TRAN|salesinvoice|value|8|SO240550694|2024-05-20|20247129|2024-05-20|003|3875|3875|3875||TO||0.0|0.0||||0.0|0|0|0|11.0|0.0|0.0|200005|-|24|0|173636|8681|0|0.0|0.0|0|NS6103030002300|1571629800164|1574817994762|STANDARD||
ND6TRAN|salesinvoice|value|2|SO240550625|2024-05-17|20247109|2024-05-20|005|4051|4051|4051|8200312111|TO||0.0|0.0||||0.0|0|0|0|11.0|0.0|0.0|200003|-|13300|0|188182|3894639|0|0.0|0.0|0|NS6103030002300|1571629800164|1574817994762|STANDARD||
ND6TRAN|salesinvoice|value|2|SO240550690|2024-05-20|20247108|2024-05-20|003|4592|4592|4592||TO||0.0|0.0||||0.0|0|0|0|11.0|0.0|0.0|200005|-|72|0|173636|78136|0|0.0|0.0|0|NS6103030002300|1571629800164|1574817994762|STANDARD||
ND6TRAN|salesinvoice|value|2|SO240550690|2024-05-20|20247108|2024-05-20|003|4592|4592|4592||TO||0.0|0.0||||0.0|0|0|0|11.0|0.0|0.0|200006|-|32|0|262727|78818|0|0.0|0.0|0|NS6103030002300|1571629800164|1574817994762|STANDARD||
ND6TRAN|salesinvoice|value|2|SO240550690|2024-05-20|20247108|2024-05-20|003|4592|4592|4592||TO||0.0|0.0||||0.0|0|0|0|11.0|0.0|0.0|200013|-|24|0|223636|67090|0|0.0|0.0|0|NS6103030002300|1571629800164|1574817994762|STANDARD||
ND6TRAN|salesinvoice|value|2|SO240550690|2024-05-20|20247108|2024-05-20|003|4592|4592|4592||TO||0.0|0.0||||0.0|0|0|0|11.0|0.0|0.0|200003|-|300|0|188182|84681|0|0.0|0.0|0|NS6103030002300|1571629800164|1574817994762|STANDARD||
ND6TRAN|salesinvoice|value|9|SO240550669|2024-05-18|20247130|2024-05-20|007|4238|4238|4238||TO||0.0|0.0||||0.0|0|0|0|11.0|0.0|0.0|200004|-|900|0|170000|382500|0|0.0|0.0|0|NS6103030002300|1571629800164|1574817994762|STANDARD||
ND6TRAN|salesinvoice|value|9|SO240550669|2024-05-18|20247130|2024-05-20|007|4238|4238|4238||TO||0.0|0.0||||0.0|0|0|0|11.0|0.0|0.0|200013|-|120|0|223636|335454|0|0.0|0.0|0|NS6103030002300|1571629800164|1574817994762|STANDARD||
ND6TRAN|salesinvoice|value|9|SO240550669|2024-05-18|20247130|2024-05-20|007|4238|4238|4238||TO||0.0|0.0||||0.0|0|0|0|11.0|0.0|0.0|200011|-|150|0|342727|51409|0|0.0|0.0|0|NS6103030002300|1571629800164|1574817994762|STANDARD||
ND6TRAN|salesinvoice|value|2|SO240550696|2024-05-20|20247092|2024-05-20|003|601|601|601|untuk xxi jatos|TO||0.0|0.0||||0.0|0|0|0|11.0|0.0|0.0|200036|-|14|0|0|00|00|0.0|0.0|00|NS6103030002300|1571629800164|1574817994762|STANDARD||
ND6TRAN|salesinvoice|value|2|SO240550696|2024-05-20|20247092|2024-05-20|003|601|601|601|untuk xxi jatos|TO||0.0|0.0||||0.0|0|0|0|11.0|0.0|0.0|200037|-|4|0|0|0|0|0.0|0.0|0|NS6103030002300|1571629800164|1574817994762|STANDARD||
ND6TRAN|salesinvoice|value|9|SO240550660|2024-05-18|20247101|2024-05-20|002|73|73|73||TO||0.0|0.0||||0.0|0|0|0|11.0|0.0|0.0|200004|-|120|0|170000|17000|0|0.0|0.0|0|NS6103030002300|1571629800164|1574817994762|STANDARD||
ND6TRAN|salesinvoice|value|9|SO240550660|2024-05-18|20247101|2024-05-20|002|73|73|73||TO||0.0|0.0||||0.0|0|0|0|11.0|0.0|0.0|200005|-|48|0|173636|17363|0|0.0|0.0|0|NS6103030002300|1571629800164|1574817994762|STANDARD||
ND6TRAN|salesinvoice|value|8|SO240550678|2024-05-20|20247113|2024-05-20|002|2028|2028|2028||TO||0.0|0.0||||0.0|0|0|0|11.0|0.0|0.0|200003|-|100|0|188182|18818|0|0.0|0.0|0|NS6103030002300|1571629800164|1574817994762|STANDARD||
ND6TRAN|salesinvoice|value|8|SO240550664|2024-05-18|20247132|2024-05-20|007|3752|3752|3752||TO||0.0|0.0||||0.0|0|0|0|11.0|0.0|0.0|200024|-|60|0|190000|30400|0|0.0|0.0|0|NS6103030002300|1571629800164|1574817994762|STANDARD||
ND6TRAN|salesinvoice|value|9|SO240550692|2024-05-20|20247102|2024-05-20|007|4380|4380|4380||TO||0.0|0.0||||0.0|0|0|0|11.0|0.0|0.0|200004|-|60|0|170000|25500|0|0.0|0.0|0|NS6103030002300|1571629800164|1574817994762|STANDARD||
ND6TRAN|salesinvoice|value|8|SO240550667|2024-05-18|20247116|2024-05-20|003|2606|2606|2606||TO||0.0|0.0||||0.0|0|0|0|11.0|0.0|0.0|200004|-|60|0|170000|17000|0|0.0|0.0|0|NS6103030002300|1571629800164|1574817994762|STANDARD||
ND6TRAN|salesinvoice|value|9|SO240550676|2024-05-20|20247096|2024-05-20|007|3076|3076|3076||TO||0.0|0.0||||0.0|0|0|0|11.0|0.0|0.0|200006|-|16|0|262727|26272|0|0.0|0.0|0|NS6103030002300|1571629800164|1574817994762|STANDARD||
ND6TRAN|salesinvoice|value|9|SO240550676|2024-05-20|20247096|2024-05-20|007|3076|3076|3076||TO||0.0|0.0||||0.0|0|0|0|11.0|0.0|0.0|200010|-|72|0|299091|29909|0|0.0|0.0|0|NS6103030002300|1571629800164|1574817994762|STANDARD||
ND6TRAN|salesinvoice|value|9|SO240550668|2024-05-18|20247131|2024-05-20|007|3215|3215|3215||TO||0.0|0.0||||0.0|0|0|0|11.0|0.0|0.0|200005|-|168|0|173636|121545|0|0.0|0.0|0|NS6103030002300|1571629800164|1574817994762|STANDARD||
ND6TRAN|salesinvoice|value|9|SO240550668|2024-05-18|20247131|2024-05-20|007|3215|3215|3215||TO||0.0|0.0||||0.0|0|0|0|11.0|0.0|0.0|200004|-|360|0|170000|102000|0|0.0|0.0|0|NS6103030002300|1571629800164|1574817994762|STANDARD||
ND6TRAN|salesinvoice|value|9|SO240550668|2024-05-18|20247131|2024-05-20|007|3215|3215|3215||TO||0.0|0.0||||0.0|0|0|0|11.0|0.0|0.0|200006|-|32|0|262727|52545|0|0.0|0.0|0|NS6103030002300|1571629800164|1574817994762|STANDARD||
ND6TRAN|salesinvoice|value|9|SO240550668|2024-05-18|20247131|2024-05-20|007|3215|3215|3215||TO||0.0|0.0||||0.0|0|0|0|11.0|0.0|0.0|200021|-|120|0|308182|61636|0|0.0|0.0|0|NS6103030002300|1571629800164|1574817994762|STANDARD||
ND6TRAN|salesinvoice|value|111|SO240550682|2024-05-20|20247103|2024-05-20|007|1663|1663|1663||TO||0.0|0.0||||0.0|0|0|0|11.0|0.0|0.0|200004|-|60|0|170000|17000|0|0.0|0.0|0|NS6103030002300|1571629800164|1574817994762|STANDARD||
ND6TRAN|salesinvoice|value|111|SO240550682|2024-05-20|20247103|2024-05-20|007|1663|1663|1663||TO||0.0|0.0||||0.0|0|0|0|11.0|0.0|0.0|200005|-|24|0|173636|17363|0|0.0|0.0|0|NS6103030002300|1571629800164|1574817994762|STANDARD||
ND6TRAN|salesinvoice|value|111|SO240550656|2024-05-18|20247136|2024-05-20|007|3307|3307|3307||TO||0.0|0.0||||0.0|0|0|0|11.0|0.0|0.0|200057|-|18|0|254545.45|76363|0|0.0|0.0|0|NS6103030002300|1571629800164|1574817994762|STANDARD||
ND6TRAN|salesinvoice|value|111|SO240550656|2024-05-18|20247136|2024-05-20|007|3307|3307|3307||TO||0.0|0.0||||0.0|0|0|0|11.0|0.0|0.0|200005|-|144|0|173636|104181|0|0.0|0.0|0|NS6103030002300|1571629800164|1574817994762|STANDARD||
ND6TRAN|salesinvoice|value|111|SO240550685|2024-05-20|20247094|2024-05-20|003|4568|4568|4568||TO||0.0|0.0||||0.0|0|0|0|11.0|0.0|0.0|200005|-|24|0|173636|26045|0|0.0|0.0|0|NS6103030002300|1571629800164|1574817994762|STANDARD||
ND6TRAN|salesinvoice|value|111|SO240550685|2024-05-20|20247094|2024-05-20|003|4568|4568|4568||TO||0.0|0.0||||0.0|0|0|0|11.0|0.0|0.0|200004|-|60|0|170000|25500|0|0.0|0.0|0|NS6103030002300|1571629800164|1574817994762|STANDARD||
ND6TRAN|salesinvoice|value|111|SO240550689|2024-05-20|20247111|2024-05-20|003|3921|3921|3921||TO||0.0|0.0||||0.0|0|0|0|11.0|0.0|0.0|200004|-|60|0|170000|17000|0|0.0|0.0|0|NS6103030002300|1571629800164|1574817994762|STANDARD||
ND6TRAN|salesinvoice|value|111|SO240550689|2024-05-20|20247111|2024-05-20|003|3921|3921|3921||TO||0.0|0.0||||0.0|0|0|0|11.0|0.0|0.0|200006|-|16|0|262727|26272|0|0.0|0.0|0|NS6103030002300|1571629800164|1574817994762|STANDARD||
ND6TRAN|salesinvoice|value|9|SO240550661|2024-05-18|20247121|2024-05-20|006|3224|3224|3224||TO||0.0|0.0||||0.0|0|0|0|11.0|0.0|0.0|200001|-|24|0|449545.45|22477|0|0.0|0.0|0|NS6103030002300|1571629800164|1574817994762|STANDARD||
ND6TRAN|salesinvoice|value|111|SO240550683|2024-05-20|20247134|2024-05-20|009|3741|3741|3741||TO||0.0|0.0||||0.0|0|0|0|11.0|0.0|0.0|200004|-|60|0|170000|17000|0|0.0|0.0|0|NS6103030002300|1571629800164|1574817994762|STANDARD||
ND6TRAN|salesinvoice|value|111|SO240550686|2024-05-20|20247123|2024-05-20|007|2042|2042|2042||TO||0.0|0.0||||0.0|0|0|0|11.0|0.0|0.0|200005|-|24|0|173636|8681|0|0.0|0.0|0|NS6103030002300|1571629800164|1574817994762|STANDARD||
ND6TRAN|salesinvoice|value|111|SO240550662|2024-05-18|20247137|2024-05-20|007|3193|3193|3193||TO||0.0|0.0||||0.0|0|0|0|11.0|0.0|0.0|200005|-|72|0|173636|52090|0|0.0|0.0|0|NS6103030002300|1571629800164|1574817994762|STANDARD||
ND6TRAN|salesinvoice|value|111|SO240550662|2024-05-18|20247137|2024-05-20|007|3193|3193|3193||TO||0.0|0.0||||0.0|0|0|0|11.0|0.0|0.0|200004|-|180|0|170000|51000|0|0.0|0.0|0|NS6103030002300|1571629800164|1574817994762|STANDARD||
ND6TRAN|salesinvoice|value|111|SO240550672|2024-05-20|20247115|2024-05-20|006|2945|2945|2945||TO||0.0|0.0||||0.0|0|0|0|11.0|0.0|0.0|200005|-|48|0|173636|52090|0|0.0|0.0|0|NS6103030002300|1571629800164|1574817994762|STANDARD||
ND6TRAN|salesinvoice|value|111|SO240550677|2024-05-20|20247112|2024-05-20|007|4306|4306|4306||TO||0.0|0.0||||0.0|0|0|0|11.0|0.0|0.0|200004|-|180|0|170000|76500|0|0.0|0.0|0|NS6103030002300|1571629800164|1574817994762|STANDARD||
ND6TRAN|salesinvoice|value|8|SO240550714|2024-05-20|20247138|2024-05-20|003|4146|4146|4146||TO||0.0|0.0||||0.0|0|0|0|11.0|0.0|0.0|200013|-|48|0|223636|152072|0|0.0|0.0|0|NS6103030002300|1571629800164|1574817994762|STANDARD||
ND6TRAN|salesinvoice|value|8|SO240550714|2024-05-20|20247138|2024-05-20|003|4146|4146|4146||TO||0.0|0.0||||0.0|0|0|0|11.0|0.0|0.0|200003|-|700|0|188182|223936|0|0.0|0.0|0|NS6103030002300|1571629800164|1574817994762|STANDARD||
ND6TRAN|salesinvoice|value|8|SO240550714|2024-05-20|20247138|2024-05-20|003|4146|4146|4146||TO||0.0|0.0||||0.0|0|0|0|11.0|0.0|0.0|200021|-|60|0|308182|52390|0|0.0|0.0|0|NS6103030002300|1571629800164|1574817994762|STANDARD||
ND6TRAN|salesinvoice|value|8|SO240550714|2024-05-20|20247138|2024-05-20|003|4146|4146|4146||TO||0.0|0.0||||0.0|0|0|0|11.0|0.0|0.0|200006|-|96|0|262727|267981|0|0.0|0.0|0|NS6103030002300|1571629800164|1574817994762|STANDARD||
ND6TRAN|salesinvoice|value|8|SO240550714|2024-05-20|20247138|2024-05-20|003|4146|4146|4146||TO||0.0|0.0||||0.0|0|0|0|11.0|0.0|0.0|200005|-|264|0|173636|324699|0|0.0|0.0|0|NS6103030002300|1571629800164|1574817994762|STANDARD||
ND6TRAN|salesinvoice|value|8|SO240550714|2024-05-20|20247138|2024-05-20|003|4146|4146|4146||TO||0.0|0.0||||0.0|0|0|0|11.0|0.0|0.0|200009|-|144|0|419545|213967|0|0.0|0.0|0|NS6103030002300|1571629800164|1574817994762|STANDARD||
ND6TRAN|salesinvoice|value|8|SO240550714|2024-05-20|20247138|2024-05-20|003|4146|4146|4146||TO||0.0|0.0||||0.0|0|0|0|11.0|0.0|0.0|200004|-|240|0|170000|115600|0|0.0|0.0|0|NS6103030002300|1571629800164|1574817994762|STANDARD||
ND6TRAN|salesinvoice|value|111|SO240550658|2024-05-18|20247098|2024-05-20|002|21|21|21||TO||0.0|0.0||||0.0|0|0|0|11.0|0.0|0.0|200003|-|100|0|188182|18818|0|0.0|0.0|0|NS6103030002300|1571629800164|1574817994762|STANDARD||
ND6TRAN|salesinvoice|value|9|SO240550679|2024-05-20|20247107|2024-05-20|007|2051|2051|2051||TO||0.0|0.0||||0.0|0|0|0|11.0|0.0|0.0|200014|-|120|0|210000|157500|0|0.0|0.0|0|NS6103030002300|1571629800164|1574817994762|STANDARD||
ND6TRAN|salesinvoice|value|2|SO240550697|2024-05-20|20247110|2024-05-20|024|97|97|97||TO||0.0|0.0||||0.0|0|0|0|11.0|0.0|0.0|200013|-|12|0|223636|38018|0|0.0|0.0|0|NS6103030002300|1571629800164|1574817994762|STANDARD||
ND6TRAN|salesinvoice|value|2|SO240550697|2024-05-20|20247110|2024-05-20|024|97|97|97||TO||0.0|0.0||||0.0|0|0|0|11.0|0.0|0.0|200004|-|2400|0|170000|1156000|0|0.0|0.0|0|NS6103030002300|1571629800164|1574817994762|STANDARD||
ND6TRAN|salesinvoice|value|9|SO240550666|2024-05-18|20247105|2024-05-20|007|1390|1390|1390||TO||0.0|0.0||||0.0|0|0|0|11.0|0.0|0.0|200004|-|60|0|170000|8500|0|0.0|0.0|0|NS6103030002300|1571629800164|1574817994762|STANDARD||
ND6TRAN|salesinvoice|value|8|SO240550684|2024-05-20|20247120|2024-05-20|003|1440|1440|1440||TO||0.0|0.0||||0.0|0|0|0|11.0|0.0|0.0|200005|-|24|0|173636|8681|0|0.0|0.0|0|NS6103030002300|1571629800164|1574817994762|STANDARD||
ND6TRAN|salesinvoice|value|9|SO240550695|2024-05-20|20247093|2024-05-20|007|4081|4081|4081||TO||0.0|0.0||||0.0|0|0|0|11.0|0.0|0.0|200003|-|300|0|188182|84681|0|0.0|0.0|0|NS6103030002300|1571629800164|1574817994762|STANDARD||
ND6TRAN|salesinvoice|value|9|SO240550695|2024-05-20|20247093|2024-05-20|007|4081|4081|4081||TO||0.0|0.0||||0.0|0|0|0|11.0|0.0|0.0|200009|-|96|0|419545|125863|0|0.0|0.0|0|NS6103030002300|1571629800164|1574817994762|STANDARD||
ND6TRAN|salesinvoice|value|9|SO240550695|2024-05-20|20247093|2024-05-20|007|4081|4081|4081||TO||0.0|0.0||||0.0|0|0|0|11.0|0.0|0.0|200004|-|360|0|170000|153000|0|0.0|0.0|0|NS6103030002300|1571629800164|1574817994762|STANDARD||
ND6TRAN|salesinvoice|value|2|SO240550691|2024-05-20|20247114|2024-05-20|003|601|601|601|untuk PT. ABDI PROPERTI LESTARI|TO||0.0|0.0||||0.0|0|0|0|11.0|0.0|0.0|200005|-|48|0|173636|40978|0|0.0|0.0|0|NS6103030002300|1571629800164|1574817994762|STANDARD||
ND6TRAN|salesinvoice|value|2|SO240550691|2024-05-20|20247114|2024-05-20|003|601|601|601|untuk PT. ABDI PROPERTI LESTARI|TO||0.0|0.0||||0.0|0|0|0|11.0|0.0|0.0|200004|-|120|0|170000|33728|0|0.0|0.0|0|NS6103030002300|1571629800164|1574817994762|STANDARD||
ND6TRAN|salesinvoice|value|2|SO240550691|2024-05-20|20247114|2024-05-20|003|601|601|601|untuk PT. ABDI PROPERTI LESTARI|TO||0.0|0.0||||0.0|0|0|0|11.0|0.0|0.0|200003|-|100|0|188182|28227|0|0.0|0.0|0|NS6103030002300|1571629800164|1574817994762|STANDARD||
